0.0 0.0 0.0
-1.2258324649476007 0.0 1.8903137533585745
-2.4925250761021496 0.0 3.780627506717149
-3.759216736056341 0.0 5.670941260075724
-13.238943252289628 0.19999999999998863 19.903891868855883
-13.320666006763993 0.19999999999998863 19.570307090432504
-11.359348978932688 0.19999999999998863 16.012069437883802
-11.032460507538739 0.19999999999998863 16.34565421772183
-8.376500012845176 0.19999999999998863 15.01131509695508
-8.703385703737014 0.19999999999998863 16.234459290637602
-8.70338435815806 0.19999999999998863 17.012823777397877
-5.7613862447962205 0.19999999999998863 24.907663569255554
-3.391452142074718 0.39999999999997726 28.132316440551584
2.696812243566818 0.5999999999999659 37.69508013301404
6.701162269073083 0.5999999999999659 43.36602139167511
10.051737853430017 0.5999999999999659 46.14589455746354
14.260380982050378 0.7999999999999545 50.148911918349135
21.329238981365496 0.7999999999999545 59.93406546215074
22.14644973557224 1.1999999999999886 60.26765024198877
24.802394757453225 1.1999999999999886 59.15570097539047
26.763704983377615 1.3999999999999773 59.044506049720894
29.256191068345803 1.599999999999966 61.04601472874904
32.07555135667968 2.3999999999999773 64.3818625271293
32.933616157305366 2.599999999999966 65.4938117937276
34.32286478667447 3.0 67.05054076724815
35.54867039416481 3.3999999999999773 68.6072697407687
36.24329478285138 3.3999999999999773 69.27443930044474
36.89705764248998 3.599999999999966 70.05280378579037
38.04112136586722 4.199999999999989 74.16701607234555
37.83679465326694 4.599999999999966 77.39166894505622
37.59161938267598 5.0 79.059592845661
38.49054516080857 5.0 79.61556747825283
38.57225243252344 5.0 81.39468630452717
37.01952230733792 5.599999999999966 85.95367829658996
36.89693458811119 5.599999999999966 86.8432377090198
34.77215653683037 6.599999999999966 92.29178911634173
31.78931178071005 7.7999999999999545 98.51870500759463
31.01295516071292 8.199999999999989 100.29782383386899
30.27743327788062 8.799999999999955 106.41354479803766
27.335452367299116 9.0 114.53077444406378
27.703182253238918 9.0 116.6434780515908
27.335438480989897 9.0 117.08825775851307
26.23215772652291 9.599999999999966 127.98536056891297
25.16978118872521 10.0 130.98762358886984
24.597735817654055 10.0 131.98837792696926
22.636428557985077 10.399999999999977 137.7705141141292
22.96329114846718 10.799999999999955 141.55114161943172
22.840701717370404 11.0 143.6638452255441
23.208422134574153 11.199999999999989 147.77805751209928
22.758946666797566 11.199999999999989 151.44749009031756
22.963241951158327 11.399999999999977 152.33704950416205
23.453553550252042 11.599999999999966 153.78258354918373
23.249226574064963 12.199999999999989 159.78710958909747
22.840622009305424 12.199999999999989 161.2326436355338
21.32878296680432 13.199999999999989 167.57075445387093
20.75672463610047 14.0 172.90811093269397
20.96101060681919 14.199999999999989 175.91037395265084
20.38895136203509 15.199999999999989 181.80370506406572
21.819014998682814 15.799999999999955 187.1410615428888
22.391025361193897 16.19999999999999 192.47841802171183
23.126478608415436 16.599999999999966 196.4814353811828
23.575931056854014 16.799999999999955 196.92621508810504
23.575931056854014 16.799999999999955 196.92621508810504
23.575931056854014 16.799999999999955 196.92621508810504
23.575931056854014 16.799999999999955 196.92621508810504
23.98451227556134 16.799999999999955 199.81728318097768
23.902775373782926 17.19999999999999 203.59791068769485
24.107063014967565 17.399999999999977 205.599419366723
26.39511815533345 18.19999999999999 219.49878519707977
26.803685266570632 18.599999999999966 224.39136196898056
27.04880328587204 19.0 231.39664234699376
24.76062847768367 19.599999999999966 243.29449949832238
24.474606508562527 20.0 244.96242339892714
22.513351854958646 20.399999999999977 248.85424583131388
21.777877391500635 20.599999999999966 251.4117291443485
21.410139730774826 20.799999999999955 252.85726318937017
20.18434251454832 21.19999999999999 259.3065689362062
19.77571152594664 21.599999999999966 269.7588920396838
19.89828253680972 21.799999999999955 271.2044260875348
21.736890143501828 22.599999999999966 281.10077455842065
22.104613629191658 22.799999999999955 282.43511367777273
24.147530422595068 23.399999999999977 287.3276904510882
25.822719275949964 23.799999999999955 291.3307078091445
30.153695691274045 24.799999999999955 299.5591323808402
30.807428907500515 24.799999999999955 300.4486917946847
34.934112573641606 25.799999999999955 306.3420229060996
37.26302625109138 26.599999999999966 310.0114554857325
37.99846644835007 26.799999999999955 311.9017692390911
41.71653791110191 27.599999999999966 318.90704961710424
43.47342884141925 28.0 321.7981177099769
48.04954209975617 29.19999999999999 325.68994014236364
49.357012633184524 29.19999999999999 325.68994014236364
53.97403822083195 30.19999999999999 323.7996263904197
55.7718502994504 30.799999999999955 320.2413887364564
56.62995756786314 31.399999999999977 313.2361083584432
56.834308089918146 32.0 308.1211417323739
58.87731985725435 32.39999999999998 301.11586135436073
60.22571129694953 32.799999999999955 296.44567443521373
61.77838660455187 33.39999999999998 292.7762418555808
66.43636594324968 34.599999999999966 286.32693611015947
67.04925643374453 34.799999999999955 285.6597665504834
69.37822216390744 35.19999999999999 284.54781728388514
72.52432481795066 35.599999999999966 286.2157411844899
73.13717251217811 35.799999999999955 288.5508346433561
74.03593921807075 36.799999999999955 297.1128439948898
74.07677336151893 37.0 298.78076789407993
73.25942676939728 38.0 310.6786250454086
73.3002642977616 38.19999999999999 312.1241590918449
74.85273597964064 38.799999999999955 322.46528726965295
76.93641991405083 39.19999999999999 328.91459301507433
77.26326856546366 39.19999999999999 330.13773720875685
79.46956346049565 39.799999999999955 333.91836471405935
80.0824215825321 39.799999999999955 335.03031398065764
82.94243478667241 40.0 339.47811104705085
83.92300719557592 40.0 341.14603494624095
84.86272813738334 40.0 342.36917913992346
86.33358566131523 40.19999999999999 344.8154675244592
92.99330352536387 41.19999999999999 354.8230109224293
94.05557771339782 41.39999999999998 356.93571452995633
96.38440147252548 42.39999999999998 361.8282913032718
100.59260317973275 43.39999999999998 371.27986006723535
107.53817581968774 44.39999999999998 385.4016157503459
107.90587609454519 44.599999999999966 386.40237009127463
109.86686410132862 45.39999999999998 395.2979642212318
112.8492831245416 46.39999999999998 404.52714313385616
117.54764616297213 47.39999999999998 416.75858506360817
118.8959061134634 47.799999999999955 418.6488988169668
120.61185756953154 48.39999999999998 421.6511618369236
121.18384093341344 48.599999999999966 422.65191617643774
124.53404861119192 49.599999999999966 427.54449294975313
125.67798167621943 50.19999999999999 430.7691458224638
131.19341590752606 50.39999999999998 443.89014716606033
137.03571076171386 50.0 455.89919924305855
139.56873991776158 49.799999999999955 460.56938616220555
145.08419181663947 49.19999999999999 470.6881244872598
149.21062521796011 49.19999999999999 475.80309111332906
155.99274718943553 50.0 481.58522729765974
161.83524298227195 49.799999999999955 484.14271061069434
167.10579552484666 49.799999999999955 484.80988017037043
174.33749022098385 49.599999999999966 485.4770497300465
175.481482873194 49.599999999999966 485.69943958421493
179.0359644443172 49.799999999999955 488.2569228972495
184.22464557739858 49.599999999999966 493.0383047420661
191.17005629707185 48.599999999999966 500.8219496082542
192.10972561590563 48.599999999999966 501.93389887343784
193.82564354826567 48.599999999999966 503.9354075538807
203.5900950828788 47.799999999999955 513.1645864650905
209.39170550675055 47.599999999999966 514.9437052913648
215.88798410458298 47.19999999999999 514.2765357316888
226.83767469327137 46.599999999999966 513.4981712449285
231.57708367450226 46.599999999999966 513.3869763192589
239.38064641359125 47.0 515.7220697767104
241.01475785101584 47.19999999999999 519.1691125035895
241.01448101659489 47.19999999999999 524.9512486893349
240.97336336061073 47.19999999999999 530.3998000952421
240.8915912439101 47.19999999999999 531.6229442889246
242.9334430093536 46.39999999999998 552.082810791787
243.38272601505798 46.39999999999998 554.973878883245
244.11790203867935 46.39999999999998 559.97765058223
247.54930564611055 46.39999999999998 571.0971432467984
248.8157130812415 46.599999999999966 573.9882113410857
253.2684047744023 46.799999999999955 587.1092126846822
259.3553681212517 45.599999999999966 599.3406546144342
260.90776089995524 45.39999999999998 602.1205277816373
268.506494132731 44.799999999999955 611.9056813254389
277.2897476906383 44.799999999999955 626.6946065696402
282.4372557187221 44.19999999999999 632.9215224623077
285.460413939931 43.39999999999998 636.1461753336038
288.3201510235499 43.0 639.2596332806448
289.58660744605294 42.599999999999966 640.5939723999969
293.91697558400944 42.0 646.7096933655803
297.7570438781757 41.599999999999966 653.1589991110017
303.19006111275485 40.799999999999955 666.5023903073519
304.7014388801939 40.599999999999966 671.1725772279136
304.8238509613643 40.19999999999999 673.7300605395335
304.94642458568643 40.39999999999998 673.6188656138639
307.5607025571541 40.0 681.513705404307
308.3776776425092 39.799999999999955 683.7376039375036
311.97246970233164 38.799999999999955 691.7436386564455
312.78948263418306 38.599999999999966 693.3003676285514
313.9741109548505 38.599999999999966 696.1914357228387
315.2404766159686 38.19999999999999 698.6377241087891
316.5476125440391 37.799999999999955 702.4183516140916
317.36456624372244 37.599999999999966 704.8646400014567
318.58995307882986 37.599999999999966 709.2012421407657
322.1845470154171 36.599999999999966 719.7647601699128
324.83967939729547 36.19999999999999 726.8812354764249
326.3919173628232 36.19999999999999 730.8842528344812
330.39504483126825 37.0 741.2253810137039
332.1923969105201 37.599999999999966 745.3395932988444
336.0322666798852 39.0 752.9008483108641
337.33949212510623 39.599999999999966 754.9023569913069
337.9930969917496 40.0 756.0143062564906
340.52581876343856 40.39999999999998 760.2397134687153
343.0585211260458 40.799999999999955 764.6875105351086
343.63042128496267 41.0 765.6882648746226
345.9588515698456 42.0 770.0248670139316
349.0226953098171 43.19999999999999 773.9166894463183
352.7810500650382 44.19999999999999 778.0309017328735
353.6797849725727 44.39999999999998 779.0316560723876
354.6602447250394 44.799999999999955 779.8100205577332
358.01009848071925 45.0 783.1458683589427
362.01357524310674 45.19999999999999 787.1488857169991
363.9336018509349 45.39999999999998 789.1503943960272
366.9566302386358 45.39999999999998 792.1526574159841
367.9779156576152 45.599999999999966 793.2646066825823
370.67411845948794 46.0 796.0444798483708
378.639994731903 46.19999999999999 806.3856080275935
385.9928336507301 45.39999999999998 819.1730245899373
398.8203553305057 45.19999999999999 828.9581781365682
406.8683155994944 45.19999999999999 833.2947802744626
409.40084117893406 46.39999999999998 838.7433316817845
410.8305235221408 46.599999999999966 841.4120099204887
411.8108986054278 46.799999999999955 842.9687388925946
413.9351004510068 47.599999999999966 845.6374171327135
416.54957819899977 48.19999999999999 847.9725105915796
418.1019367797146 48.599999999999966 849.1956547852621
419.73604008546147 48.799999999999955 849.9740192720225
420.5939689724326 48.799999999999955 850.0852141991066
426.149970457875 48.799999999999955 852.0867228781348
433.2580334087694 49.599999999999966 858.6472235492257
434.27931946862384 49.799999999999955 859.4255880374006
435.34147856219386 50.0 859.9815626699925
444.81887724923126 50.599999999999966 868.5435720215262
453.6838148530363 51.0 872.8801741608352
456.09409079311905 51.19999999999999 874.1033183531031
457.27880637570195 51.19999999999999 874.6592929871096
461.0779736078589 52.39999999999998 877.4391661514833
465.20411214477053 53.799999999999955 878.6623103451658
468.9218334198656 54.39999999999998 878.5511154194962
476.60263190218996 54.0 875.8824371793775
478.6863333676477 53.799999999999955 874.3257082058568
483.71166403740864 54.19999999999999 871.3234451873146
488.9819953786779 54.19999999999999 869.6555212881245
492.98584368704707 54.19999999999999 868.098792314604
500.17646619041216 52.599999999999966 864.9853343689775
500.58501801977144 52.599999999999966 864.8741394418932
503.158902740851 52.799999999999955 864.095774955133
508.5925746038727 53.799999999999955 863.3174104697874
510.8804375377672 54.39999999999998 862.9838256885347
514.3528536761197 55.0 864.7629445148091
518.4787834956047 55.0 867.9875973875197
526.1590199640443 54.599999999999966 871.1010553331462
531.1024628811276 54.0 870.1003009950467
532.1647148302093 53.599999999999966 869.6555212881245
533.4722326409284 53.39999999999998 867.8764024618501
531.961079206496 53.799999999999955 863.6509952482107
531.1849102062998 53.799999999999955 863.0950206170336
531.1849102062998 53.799999999999955 863.0950206170336
537.7618845157696 54.0 868.098792314604
540.6623072129746 55.0 870.1003009950467
546.0954355317615 56.0 874.3257082058568
548.7916298939817 56.799999999999955 875.8824371793775
549.9762983707585 57.0 876.7719965918072
552.7950643402779 57.19999999999999 878.2175306396582
561.3740383495598 57.599999999999966 881.442183512369
564.2336025047692 57.799999999999955 883.3324972657275
565.2140218659457 58.19999999999999 883.9996668254036
567.5835493881875 59.0 883.9996668254036
569.7488450547454 59.39999999999998 883.6660820441509
577.7154115762834 59.799999999999955 883.2213023386432
579.1044579588241 59.799999999999955 883.110107411559
585.191719385631 60.0 882.8877175588052
587.9288938543166 60.0 883.2213023386432
591.6058258881656 60.39999999999998 882.5541327789672
599.2046974209187 60.599999999999966 882.2205479991292
600.6345852241984 60.599999999999966 882.2205479991292
606.0681856532508 61.19999999999999 881.9981581463754
619.2641721227471 61.599999999999966 880.6638190256086
620.5715259361097 61.599999999999966 880.4414291714402
625.5149231790278 62.0 879.8854545388484
632.5419433760686 62.19999999999999 878.7735052736647
636.4231403661503 62.19999999999999 878.2175306396582
639.0378226621283 62.19999999999999 877.9951407854898
643.2049703845762 62.0 877.6615560070665
656.5239461073338 62.0 873.2137589406732
668.903716040574 62.599999999999966 865.6525039286536
687.2885037864086 61.19999999999999 862.3166561288587
690.5566943956507 59.799999999999955 863.3174104697874
700.1972853196835 59.0 870.3226908478006
702.8932633664733 58.599999999999966 873.102564013589
707.1005392300358 58.19999999999999 877.9951407854898
708.4482977374997 58.39999999999998 880.9974038054467
711.0215780789009 58.799999999999955 884.6668363850796
711.2257062623896 58.799999999999955 885.6675907245937
713.3495895163463 59.19999999999999 889.337023302812
721.3559937755441 59.19999999999999 896.0087189024017
727.279846646291 59.599999999999966 895.6751341225637
731.7329139018403 60.799999999999955 895.6751341225637
734.1431600134538 61.0 896.5646935364082
741.9454038906867 62.0 902.2356347950692
743.9878461005889 62.19999999999999 903.9035586942595
757.6729522873238 62.799999999999955 909.9080847327585
760.246652203347 62.799999999999955 910.4640593653504
766.9873615329689 63.0 911.4648137062791
775.4848283212533 63.19999999999999 912.1319832659551
790.9269657166931 63.39999999999998 915.6902209199185
794.4402932075961 63.799999999999955 916.2461955510956
796.11525813767 63.799999999999955 916.4685854052641
800.4456222421851 64.19999999999999 917.2469498920244
803.8363688923561 64.79999999999995 917.9141194517005
808.1667662655836 65.19999999999999 918.4700940842922
815.5205481184632 65.79999999999995 917.6917295989466
816.623632730559 66.0 917.4693397447782
818.9114371946099 66.59999999999997 917.4693397447782
822.4248875291977 67.19999999999999 917.2469498920244
824.9169421359725 67.59999999999997 917.358144817694
827.1230210745392 68.0 917.4693397447782
833.577916370039 68.79999999999995 917.358144817694
836.2334591724438 69.0 917.0245600392706
840.0329975210002 69.59999999999997 916.1350006254261
841.299479627182 69.79999999999995 916.0238056983419
842.5251453498466 70.0 915.6902209199185
846.7741884541673 70.79999999999995 914.1334919449832
852.1263403121093 71.79999999999995 912.2431781930394
853.5562761540358 71.79999999999995 911.9095934117867
867.8560092589722 71.39999999999998 906.461042007294
870.8385631652585 71.39999999999998 905.126702887942
879.785748491415 71.19999999999999 903.9035586942595
883.3808794813552 72.0 903.9035586942595
893.3492366955563 73.0 903.681168840091
896.0456246458332 73.19999999999999 903.4587789873372
909.8957142431002 73.79999999999995 899.7893464077042
911.1622623900391 74.0 899.344566700782
923.9911102724193 75.0 895.2303544156415
925.2168274154349 75.19999999999999 894.6743797830496
927.7907420667078 75.79999999999995 894.0072102233736
932.693450302026 76.19999999999999 892.6728711040215
944.8277958543392 77.19999999999999 888.669853743136
946.2168697458654 77.59999999999997 888.4474638903821
955.3275397252023 78.59999999999997 887.11312477103
956.5532200439509 78.59999999999997 886.7795399897773
971.7111761814288 78.79999999999995 880.7750139526929
980.2916531947268 79.19999999999999 874.8816828398633
981.1905928500521 79.19999999999999 874.1033183531031
982.1712841961237 79.19999999999999 873.102564013589
983.1111219126727 79.39999999999998 872.101809674075
983.887500423387 79.79999999999995 871.3234451873146
986.3803586310246 81.0 867.4316227535132
989.3226375244056 82.19999999999999 863.428605395457
990.4669896374285 82.79999999999995 861.2047068622603
990.9983557396274 83.19999999999999 859.8703677429082
991.5297002198062 83.39999999999998 858.6472235492257
993.5324304264599 84.59999999999997 854.1994264842472
994.1454405473953 84.79999999999995 853.1986721447331
994.6767864960074 84.79999999999995 851.9755279510506
998.5181825597492 85.0 846.4157816194737
1004.5658731860143 85.79999999999995 840.0776708011366
1005.7101484715171 86.0 838.2985519734476
1004.3213909021619 86.19999999999999 836.853017928426
1001.7479458527907 85.59999999999997 834.9627041750673
1001.3802790864377 85.59999999999997 834.8515092479831
1001.3802790864377 85.59999999999997 834.8515092479831
1005.3023827997296 86.79999999999995 834.4067295424755
1006.4872916359832 87.39999999999998 833.7395599827995
1013.8009110891007 88.0 830.2925172559203
1017.8458523545828 88.39999999999998 828.5133984282313
1020.5016571281275 89.0 827.1790593088792
1033.4531817275536 89.19999999999999 823.843211510499
1045.261053217267 90.0 819.2842195184362
1051.1039590844903 91.19999999999999 815.8371767915571
1055.59823126934 92.39999999999998 814.502837672205
1057.8861760092548 92.79999999999995 814.0580579652827
1061.8901975647452 93.79999999999995 812.7237188459306
1066.793185470004 94.79999999999995 810.6110152398182
1070.8380193469998 94.79999999999995 809.49906597322
1078.6823507328559 94.39999999999998 808.2759217795375
1086.9761579860578 94.0 806.7191928060168
1089.8770236436296 93.79999999999995 805.8296333935871
1102.6247415822265 94.79999999999995 800.825861694602
1103.7687922349953 95.0 800.2698870620102
1111.2460927339148 96.0 796.1556747768697
1115.0869704115776 97.19999999999999 793.7093863895046
1119.9492681884376 98.39999999999998 791.0407081493858
1124.0348848972535 99.19999999999999 790.3735385897097
1128.324626579823 99.39999999999998 790.3735385897097
1133.7992542440966 99.79999999999995 789.9287588842021
1143.8506693969684 99.39999999999998 784.8137922567182
1151.0009586878182 99.0 781.7003343110918
1155.7817818039816 98.79999999999995 778.1420966599577
1157.4570579802385 98.79999999999995 777.141342319029
1163.5454498184463 98.39999999999998 772.6935452540504
1163.6271851754339 98.39999999999998 772.5823503269662
1164.2400332999546 98.19999999999999 772.4711554012966
1164.1583750768614 98.0 772.2487655471282
1164.076639702596 97.19999999999999 772.3599604742124
1164.076639702596 97.19999999999999 772.3599604742124
1164.0766654172032 97.19999999999999 772.2487655471282
1164.076639702596 97.59999999999997 772.3599604742124
1166.037645731582 98.39999999999998 772.4711554012966
1169.2244256283996 98.39999999999998 772.0263756943743
1176.7412727388855 98.39999999999998 773.9166894463183
1184.0537878867754 98.59999999999997 776.0293930524307
1194.6756397973745 98.59999999999997 777.6973169530355
1208.6468817959544 99.19999999999999 782.2563089450982
1211.138860933085 99.39999999999998 782.9234785047743
1221.596892607366 100.19999999999999 786.1481313788996
1225.5597460093854 100.39999999999998 786.3705212316534
1232.9133223888641 100.59999999999997 787.4824704982517
1234.9153939471341 100.39999999999998 786.7041060100768
1236.5497190243518 100.39999999999998 786.1481313788996
1241.3706304730804 99.79999999999995 785.9257415247312
1256.936333864462 100.0 785.7033516719773
1270.2143705916742 100.19999999999999 784.7025973310487
1285.167939432253 100.39999999999998 781.8115292395906
1294.2382948056381 100.39999999999998 779.4764357793098
1296.8942560100065 100.39999999999998 777.9197068057892
1299.5092492348742 100.59999999999997 776.8077575406056
1314.3829198454903 101.0 767.1337989210589
1325.7826589807937 100.19999999999999 762.4636120033266
1327.2535529892311 100.19999999999999 762.0188322964043
1343.8426068424762 101.19999999999999 754.6799671371384
1348.6642979695455 101.39999999999998 751.6777041171816
1353.649385029425 101.59999999999997 748.7866360257236
1368.971650603242 101.79999999999995 742.7821099858098
1381.6374544676735 102.0 740.1134317471057
1388.2150627256867 102.0 740.3358215998594
1389.522364178738 101.79999999999995 740.5582114540279
1401.9417222202487 101.59999999999997 742.6709150601403
1412.8906000458082 102.0 743.6716693996543
1424.2889420326655 102.39999999999998 744.4500338864146
1423.5537397129053 102.39999999999998 743.7828643267386
1423.7989644330694 102.39999999999998 743.4492795454859
1423.7989329813693 102.0 743.5604744739848
1429.1918328206045 102.19999999999999 743.4492795454859
1441.0389736013651 102.19999999999999 746.3403476383586
1443.775814784173 102.19999999999999 747.8970766118791
1445.7771362584629 102.59999999999997 749.8985852923219
1455.4163147320537 103.39999999999998 758.9053743493632
1460.807714439045 103.59999999999997 763.9091460483482
1462.6867166144498 103.79999999999995 765.0210953149466
1466.7712658272303 104.0 768.2457481876572
1473.1023376765118 104.79999999999995 773.1383249609727
1478.3312651181795 105.39999999999998 774.8062488587482
1489.3629847652046 105.79999999999995 771.6927909131217
1490.6705041085906 105.79999999999995 771.1368162819446
1496.6767605273276 105.79999999999995 769.1353076000871
1502.4789133149814 105.19999999999999 766.5778242870524
1511.3862110708992 105.19999999999999 763.4643663414261
1526.5851785044956 105.39999999999998 760.3509083957996
1540.2724294539535 106.0 757.5710352300111
1541.7433779013616 106.0 757.0150605974193
1557.6382257339437 106.0 749.6761954381534
1567.6903597063001 106.39999999999998 743.8940592524082
1570.2237202842393 106.39999999999998 742.7821099858098
1583.463386022409 106.59999999999997 734.4424904884446
1585.8743995941288 106.59999999999997 732.6633716607556
1590.2060291794269 107.0 729.5499137151292
1600.7896061689764 107.0 722.9894130440382
1602.9552520195025 107.0 721.9886587031094
1609.2480961668325 106.79999999999995 718.4304210505608
1621.2617291644592 107.79999999999995 711.6475305267161
1623.7544059435463 108.0 710.0908015531954
1628.9845364434796 108.39999999999998 708.0892928727527
1631.9675538298125 109.0 706.3101740464783
1635.0325730230845 109.0 703.6414958077742
1643.7784216819553 107.59999999999997 695.0794864562404
1648.0289909166252 107.0 690.1869096829249
1654.2007286407963 107.0 682.4032648181515
1667.7282288905533 107.79999999999995 669.3934584002245
1668.8724455524227 107.79999999999995 668.6150939148789
1672.3050976607697 108.0 666.2800004545982
1673.4902084007697 108.0 665.3904410421683
1678.7615204032618 108.19999999999999 662.6105678749652
1680.069014768049 108.19999999999999 662.2769830965418
1691.8369950557055 108.79999999999995 657.7179911030644
1695.5145751952643 108.79999999999995 656.0500672038743
1700.7049113341257 108.39999999999998 651.1574904319734
1709.737105062879 109.0 642.1507013721028
1713.2112934160727 109.0 637.9252941612928
1721.5491334760861 108.59999999999997 628.4737253959145
1723.1023464723273 108.59999999999997 626.4722167154717
1730.5409695939006 109.0 618.243792143776
1732.9934062371751 109.19999999999999 615.1303341981495
1743.9467331556734 109.79999999999995 603.899646606497
1745.8267352037262 109.79999999999995 602.1205277816373
1752.6113825633356 110.0 594.8928575494557
1759.6821991733805 109.59999999999997 587.2204076103518
1763.7278331000998 109.59999999999997 584.7741192244014
1765.607420267961 109.59999999999997 584.2181445918095
1766.5470384106172 109.59999999999997 584.4405344445634
1768.8757333749031 110.0 584.7741192244014
1770.264653803649 110.0 585.3300938584078
1782.7645694351543 110.19999999999999 591.3346198954923
1795.468260561466 110.19999999999999 598.6734850547582
1798.9403255697262 110.39999999999998 600.6749937337863
1812.5435658306249 111.0 605.9011552869398
1820.3055564572574 111.0 607.7914690402984
1827.2507008079124 111.19999999999999 608.903418305482
1841.1818364415042 111.19999999999999 611.1273168386786
1851.7627988744225 110.79999999999995 613.240020444791
1858.0130875698128 110.19999999999999 615.1303341981495
1876.2745231390895 111.19999999999999 618.4661819979444
1891.1453000239019 110.19999999999999 620.6900805297264
1897.8042928084303 110.0 622.1356145775774
1902.3802122241063 110.19999999999999 622.0244196490785
1909.8173209379818 111.39999999999998 618.5773769250287
1911.6562244496404 112.19999999999999 617.5766225840999
1912.4734728886056 112.59999999999997 617.2430378056765
1915.8655015457164 113.0 614.6855544926419
1919.2985593616945 113.39999999999998 611.683291472685
1921.7506489934628 113.79999999999995 609.7929777193265
1922.9766732611236 114.39999999999998 608.903418305482
1925.265298415909 115.0 607.1242994806223
1931.6814238817128 114.79999999999995 602.6765024128144
1934.705466911914 113.59999999999997 600.8973835879548
1936.217446458734 113.39999999999998 600.1190191011945
1942.918940601807 112.79999999999995 597.339145935406
1944.0222740456616 112.39999999999998 596.7831713013995
1948.681178338467 111.39999999999998 593.4473235030193
1949.8664411976117 111.19999999999999 592.335374236421
1956.2021477032497 110.59999999999997 584.6629242987318
1957.2648019720277 110.59999999999997 583.662169957803
1961.7609082974352 111.39999999999998 578.7695931859023
1974.9618444247074 111.39999999999998 567.7612954484181
1985.465821638661 111.0 557.9761419032019
1992.8234815774817 111.0 549.1917426974998
1998.955421682953 110.79999999999995 540.5185384202964
2002.0619468364707 110.79999999999995 536.960300766333
2004.3516066565483 111.19999999999999 532.734893555523
2006.764151031712 111.39999999999998 527.7311218565379
2009.6674263710638 111.39999999999998 521.6154008909546
2012.2024187219934 111.39999999999998 516.945213970393
2013.101937569871 111.39999999999998 515.2772900712029
2015.597415003557 111.19999999999999 507.27125535367554
2015.8432693265363 111.19999999999999 505.49213652598655
2016.4976939153999 111.19999999999999 503.7130176997122
2022.8756769082772 111.19999999999999 493.0383047420661
2027.7010692039005 111.0 482.4747867100896
2031.8707009158136 111.0 477.0262353070116
2032.4024284610643 111.0 475.5807012591606
2033.0158259037225 111.0 474.2463621398085
2040.1296286794714 111.39999999999998 462.7932846954022
2048.264944904211 112.0 451.22901232391155
2053.907127220923 112.19999999999999 441.7774435585333
2055.9109163703824 112.19999999999999 437.44084141922434
2064.741208912838 112.0 425.09820456380277
2070.1781110719053 112.39999999999998 418.20411911145914
2072.3852510096763 112.39999999999998 416.20261043101635
2074.8783051914556 112.39999999999998 414.42349160615663
2081.090151725657 112.59999999999997 410.8652539521933
2088.0792736453905 112.59999999999997 404.9719228407784
2092.86093187128 112.59999999999997 401.858464895152
2109.5768192315672 112.0 389.84941281532446
2122.042754280721 112.39999999999998 379.73067449168485
2136.7560763885363 112.59999999999997 369.27835138679256
2147.2600230627736 112.79999999999995 361.2723166692653
2161.1166215551693 112.79999999999995 348.0401203985846
2169.78355968788 112.19999999999999 336.47584802709395
2171.33732866693 112.19999999999999 333.80716978838973
2179.065532279142 112.39999999999998 320.0189988837026
2187.7318833148097 112.59999999999997 310.0114554857325
2189.7346309334307 112.79999999999995 308.45472651221195
2203.832549601165 113.19999999999999 304.5629040798252
2210.288505373597 113.39999999999998 303.8957345201492
2217.7255109933562 113.59999999999997 302.2278106195444
2227.4513935855357 114.19999999999999 298.78076789407993
2228.5958302142585 114.19999999999999 297.89120848023543
2229.495213614122 114.19999999999999 296.77925921505175
2231.008217046358 114.39999999999998 293.9993860478487
2232.685051602858 115.39999999999998 290.3299534696304
2233.176047056182 115.39999999999998 288.7732244961099
2235.222193847287 116.79999999999995 281.54555426392824
2235.9187197179385 117.79999999999995 277.20895212461926
2236.8603506751183 118.39999999999998 272.98354491380917
2237.5973426667156 118.79999999999995 269.53650218693
2238.252073976412 119.19999999999999 267.3126036551481
2241.2367063515876 119.59999999999997 262.97600151583913
2242.6673644824637 120.0 261.641662396487
2247.939463064584 121.0 258.7505943021997
2249.410386972856 121.0 258.7505943021997
2254.270964557062 121.0 262.42002688183265
2264.274409896951 121.19999999999999 277.9873166127942
2275.260261926756 121.19999999999999 289.4403940572006
2283.3061067771105 121.19999999999999 296.77925921505175
2284.9810606680526 121.19999999999999 297.3352338490582
2285.9208608978956 120.59999999999997 297.2240389205594
2285.9209113886795 120.79999999999995 297.1128439948898
2285.961618599621 120.39999999999998 297.44642877472785
2285.9611136827302 120.39999999999998 298.55837804274074
2286.6962162657755 120.59999999999997 299.3367425280864
2286.7370749338606 120.59999999999997 299.3367425280864
2286.7370749338606 120.59999999999997 299.3367425280864
2292.332484628028 121.79999999999995 304.22931930140186
2299.888130506476 122.0 311.234599679415
2301.8487826674955 122.0 312.4577438716829
2308.017558819335 121.79999999999995 314.34805762504146
2310.591034800143 121.79999999999995 315.6823967443936
2319.3305605916416 121.59999999999997 324.80038072851914
2323.2925484312805 122.0 327.5802538957222
2329.338774174626 123.0 329.3593727219966
2331.422347833394 123.19999999999999 329.80415242750416
2337.4266254194986 124.0 333.91836471405935
2339.509524702783 124.39999999999998 335.8086784674179
2343.0622881940862 125.0 339.9228907539731
2346.7372579482153 125.59999999999997 344.8154675244592
2349.4330753708996 125.59999999999997 346.5945863507336
2358.6248869518654 126.19999999999999 349.37445951793666
2361.484495843421 126.39999999999998 350.3752138574507
2366.632113082773 126.79999999999995 351.48716312404906
2373.128102245714 127.19999999999999 352.4879174649778
2374.476319160933 127.19999999999999 352.7103073177316
2386.5701985371493 128.0 353.0438920975696
2390.7783324116967 128.2 353.5998667301614
2397.723701501832 128.79999999999995 354.7118159967597
2401.441587223827 129.39999999999998 355.15659570368194
2407.610486358834 130.59999999999997 356.60212974870365
2414.67767547423 131.59999999999997 359.27080799023713
2419.130950101285 132.39999999999998 359.82678262141434
2420.4386256197417 132.79999999999995 359.3820029159067
2421.6236733271185 133.2 359.0484181360687
2422.93129575001 133.2 358.71483335623066
2424.361332264659 133.2 358.71483335623066
2432.163258110878 132.39999999999998 362.8290456413712
2438.412024067432 131.59999999999997 368.05520719452466
2440.5349746941356 130.2 371.50224991998914
2441.1884344056944 130.0 372.0582245539956
2442.617280168172 129.0 374.50451293994604
2445.1883672887416 127.79999999999995 380.62023390552935
2450.3726255344077 126.79999999999995 390.2941925222467
2457.070232503913 126.59999999999997 396.6323033419985
2458.5406816873983 126.59999999999997 397.521862755843
2462.298518077722 126.59999999999997 399.74576128762493
2471.6107237839874 126.59999999999997 406.63984673996856
2473.89783147442 126.59999999999997 408.5301604919125
2474.060934715046 126.39999999999998 409.19733005158855
2474.3469938040735 126.39999999999998 409.086135125919
2474.5104249133037 126.19999999999999 409.086135125919
2474.9187293526734 126.0 409.6421097585108
2475.245482187007 126.0 409.8644996112646
2475.408749238419 126.19999999999999 410.1980843925173
2475.49046477505 126.19999999999999 410.1980843925173
2475.612983397794 126.19999999999999 410.3092793196015
2475.5720709492125 126.19999999999999 410.42047424527107
2468.914818113978 126.0 405.19431269353225
2453.7215124258014 126.19999999999999 393.2964555422036
2448.2900608352893 126.39999999999998 387.84790413629634
2445.5543067765357 126.59999999999997 384.2896664837476
2442.371052872174 127.59999999999997 376.72841147172795
2441.5143283163015 127.79999999999995 374.0597332330238
2441.2289150285774 128.0 372.8365890393412
2439.9225346050443 128.59999999999997 370.6126905075593
2439.0241953683912 129.0 369.500741240961
2436.410568633588 130.2 366.8320630022568
2434.9404292683043 130.59999999999997 365.2753340273216
2433.593132196659 131.2 363.16263042262386
2428.7335873481934 132.39999999999998 357.82527394238616
2428.284361765295 132.39999999999998 357.3804942354639
2426.1600034687995 132.59999999999997 356.82451960428676
2414.6788488549632 132.79999999999995 356.82451960428676
2406.8760487988834 131.2 354.4894261440059
2403.8533369322954 130.59999999999997 352.82150224340114
2402.5464041198306 130.0 351.70955297680285
2397.9307997643177 129.79999999999995 348.81848488534484
2396.3783444326236 129.39999999999998 348.48490010409216
2393.72266268233 129.0 348.26251025133837
2387.1036755125792 128.39999999999998 348.1513153256688
2384.32547102053 128.2 347.8177305444161
2378.115538562874 127.79999999999995 346.70578127781783
2368.0246409155397 127.19999999999999 344.37068781895164
2360.4668977013816 126.79999999999995 342.14678928575506
2354.502362985406 126.19999999999999 340.47886538515024
2348.906535212515 126.0 336.69823787984774
2344.332624952156 125.79999999999995 331.9168560350312
2337.7570554078743 125.0 326.2459147763701
2335.9186831507536 124.19999999999999 325.68994014236364
2326.726661596299 123.39999999999998 323.2436517564132
2325.1747585968 123.19999999999999 321.6869227828927
2323.0919507068666 123.19999999999999 319.57421917678033
2320.5188388163547 123.0 317.4615155706679
2311.942175080743 122.39999999999998 309.56667577881024
2304.874658062357 122.19999999999999 307.3427772470283
2303.240568306644 122.39999999999998 306.78680261302185
2298.0122907892123 122.19999999999999 303.22856496047314
2296.9511331336407 122.19999999999999 300.6710816474385
2297.155477158758 122.0 300.5598867217689
2297.1146185006005 121.19999999999999 300.5598867217689
2296.910325210072 121.0 300.5598867217689
2296.8694665519147 120.79999999999995 300.5598867217689
2294.989866895815 120.79999999999995 300.7822765745227
2294.9080988939054 121.0 300.8934715001923
2294.867240238455 121.0 300.8934715001923
2294.8672909268867 121.19999999999999 300.7822765745227
2294.826482958065 121.39999999999998 300.6710816474385
2294.989917586955 121.39999999999998 300.6710816474385
2295.2758774900235 122.0 300.7822765745227
2295.275826792567 122.19999999999999 300.8934715001923
2294.3762775645832 121.59999999999997 302.33900554804325
2294.1310243580233 121.59999999999997 302.5613954007971
2293.722387275988 121.59999999999997 302.67259032646666
2293.4771847724323 121.59999999999997 302.7837852535509
2286.942328027782 122.39999999999998 297.2240389205594
2282.040747550107 122.19999999999999 293.9993860478487
2276.1186475618624 122.39999999999998 288.66202957044027
2275.342833793084 122.39999999999998 287.550080303842
2271.014011939229 122.39999999999998 282.6575035305265
2263.7862038685175 122.39999999999998 273.3171296922325
2262.2344658693833 122.59999999999997 271.3156210132044
2249.9414545485206 122.39999999999998 258.9729841549535
2246.1824269486588 122.39999999999998 258.9729841549535
2244.793022768734 122.39999999999998 259.41776386187576
2241.033451012998 122.39999999999998 260.64090805555827
2237.599023052509 121.59999999999997 265.7558746816275
2236.740590066622 121.39999999999998 266.645434095472
2234.04222274716 121.0 270.4260616007745
2232.9367636434736 119.79999999999995 275.54102822684376
2231.9138131832933 119.39999999999998 278.876876025224
2230.9730251833244 118.79999999999995 281.2119694855049
2229.540947593625 117.79999999999995 285.77096147756765
2228.068899684054 117.19999999999999 288.32844478918764
2227.0872564911283 116.39999999999998 290.66353824946844
2226.105761716487 116.19999999999999 292.6650469284966
2220.711429377258 115.79999999999995 294.88894546310786
2210.0467218149647 115.39999999999998 296.22328458245994
2209.433792613694 115.39999999999998 296.3344795081295
2208.861966074622 115.19999999999999 295.88969980120726
2209.0247177663064 115.0 297.44642877472785
2205.0606949050634 115.0 299.11435267391795
2199.5851473055372 114.79999999999995 300.22630194051624
2193.864207926014 114.59999999999997 301.894225841121
2190.717704980163 114.59999999999997 302.7837852535509
2180.7862134865295 114.59999999999997 309.34428592605644
2169.1761462092204 114.59999999999997 323.7996263904197
2165.2101008216064 114.39999999999998 330.2489321344264
2163.7791003541543 114.39999999999998 332.47283066903765
2159.200288886299 114.59999999999997 338.6997465602906
2155.6844234782798 114.79999999999995 343.48112840510714
2149.389490183693 114.79999999999995 349.93043415194313
2148.2043634708393 114.79999999999995 350.48640878312034
2146.3650783649446 114.79999999999995 352.04313775805554
2136.677994206116 114.39999999999998 360.71634203525883
2133.285682342431 114.59999999999997 363.2738253482934
2128.381012020696 114.79999999999995 367.2768427077644
2114.9350945958527 114.59999999999997 375.8388520592981
2102.756098878694 114.19999999999999 383.7336918511558
2090.4538749771546 114.59999999999997 393.2964555422036
2080.3583881131735 114.79999999999995 401.96965982082156
2074.186747518267 114.79999999999995 407.0846264468908
2068.1784591032915 114.79999999999995 412.4219829242992
2063.5589352334564 114.39999999999998 418.760093744051
2062.822995447468 114.39999999999998 419.9832379377335
2061.801188891411 114.39999999999998 420.87279735016335
2055.3017758239152 114.39999999999998 428.3228574350988
2048.474933279441 114.59999999999997 437.21845156647055
2039.5221745562524 114.59999999999997 449.4498934990518
2032.1639732807482 113.79999999999995 459.0126571900997
2025.4596508752172 113.59999999999997 468.24183610130945
2021.2066970834344 113.59999999999997 477.6934048666877
2016.6674028754694 113.79999999999995 488.03453304308107
2016.0131543174818 114.0 489.3688721624332
2013.9686520501946 113.79999999999995 493.48308444898834
2013.2326907514998 113.79999999999995 494.8174235683405
2009.839555219446 113.79999999999995 499.8211952673255
2005.791828314129 113.79999999999995 507.04886550092175
2005.3415155980688 113.79999999999995 509.2727640327037
2004.3586904875879 114.0 514.9437052913648
2003.7439777785826 114.0 519.6138922105118
1999.491549742082 113.79999999999995 527.9535117092918
1995.9761003044089 113.39999999999998 532.4013087742703
1993.8501826260078 113.19999999999999 535.8483515011494
1993.2368911139765 113.19999999999999 536.960300766333
1986.084197863945 113.59999999999997 543.9655811457609
1983.304629171346 113.59999999999997 547.3014289455558
1979.2987094956375 113.79999999999995 552.3052006445408
1976.4379606150717 113.79999999999995 554.306709323569
1972.1462316787427 114.0 558.8657013156318
1965.0759195815094 114.0 564.314252721539
1960.7438727117787 113.79999999999995 567.5389055942497
1954.9809482517421 114.0 573.0986519258265
1950.1970393245883 113.0 582.6614156168744
1948.7666790060616 113.0 583.662169957803
1944.5975261507608 113.19999999999999 588.3323568755354
1936.5057927223045 114.39999999999998 594.0032981370258
1934.094546124358 114.79999999999995 595.8936118889698
1928.4962585704118 115.59999999999997 598.4510952020044
1925.3905038140379 116.39999999999998 600.2302140282787
1923.5514637685155 116.59999999999997 601.5645531476308
1918.0346036879741 116.39999999999998 604.9004009474257
1916.7676807985222 116.0 605.9011552869398
1912.8852873487951 115.59999999999997 608.6810284527282
1905.8564706179648 114.59999999999997 612.7952407392834
1904.3036013890626 114.19999999999999 613.6848001517133
1902.3012314630166 114.0 614.7967494183115
1899.563452644993 113.19999999999999 615.9086986849098
1892.6177068336985 112.19999999999999 616.4646733175017
1888.4914081836025 112.19999999999999 616.019893611994
1886.1628605940587 112.19999999999999 615.352724052318
1884.9373024088834 112.39999999999998 615.0191392710653
1876.153488295504 113.39999999999998 614.3519697113893
1874.968536816444 113.39999999999998 614.6855544926419
1866.0209665901796 113.19999999999999 614.9079443453958
1855.399526384558 112.79999999999995 611.7944863983547
1846.7801879253552 113.39999999999998 608.2362487458059
1843.9206232358583 113.39999999999998 607.2354944077065
1840.8975107081526 113.59999999999997 606.5683248466158
1837.9559067432192 113.59999999999997 606.4571299195316
1825.0055875924518 113.79999999999995 603.4548669009894
1806.7851991843374 113.39999999999998 599.3406546144342
1792.895822471244 112.79999999999995 594.4480778425334
1781.0088895057122 112.79999999999995 588.1099670227816
1778.0678232963205 112.79999999999995 586.4420431235915
1765.3629840497072 112.19999999999999 582.2166359113668
1763.687716958271 112.19999999999999 582.6614156168744
1758.0075555759793 112.19999999999999 585.8860684909997
1753.225775697342 112.19999999999999 590.4450604830624
1747.5429276605191 112.39999999999998 601.4533582205465
1738.7964326838662 112.19999999999999 610.9049269859248
1728.498509239439 111.59999999999997 617.2430378056765
1717.9137087221077 111.19999999999999 626.2498268627179
1716.1973011848909 111.19999999999999 627.58416598207
1712.3142409059367 111.19999999999999 632.6991326081393
1704.9573053894976 111.39999999999998 641.1499470340034
1691.6749920139466 111.0 653.4925838908397
1680.3566009124281 111.0 657.4956012503106
1667.4851576097285 110.19999999999999 663.1665425089717
1661.3144400154038 110.0 667.7255345010344
1656.4923356657039 109.59999999999997 671.1725772279136
1645.2524526404338 109.0 685.1831379839399
1637.9367427247703 108.79999999999995 693.0779777757976
1630.4987056270581 110.0 700.3056480079792
1629.3136107002315 110.19999999999999 701.1952074218237
1621.3861217501817 110.19999999999999 705.9765892666403
1610.026586840249 109.39999999999998 711.4251406725476
1607.2072144923409 108.79999999999995 712.5370899391459
1597.4001394250124 108.79999999999995 718.2080311978069
1583.3842640325456 109.0 726.2140659167488
1573.0867720544695 108.59999999999997 732.5521767350859
1562.094596760324 108.39999999999998 739.4462621874296
1553.6773143945652 108.0 743.1156947670626
1542.930864136639 107.79999999999995 748.2306613917171
1539.9889281536123 107.79999999999995 749.4538055853997
1532.6746616569856 107.59999999999997 753.4568229434559
1521.6026253260534 106.79999999999995 754.5687722100542
1507.6700802975442 107.0 757.9046200098492
1497.414198754756 107.19999999999999 762.2412221491581
1485.7284470468169 107.39999999999998 766.4666293613828
1470.6938848991997 107.19999999999999 766.3554344357133
1465.2203994024828 106.59999999999997 762.6860018560803
1461.3406035670114 106.0 757.7934250827649
1455.7044216313677 105.59999999999997 751.5665091900973
1455.0100152359576 105.59999999999997 751.1217294845898
1454.070478688466 105.39999999999998 750.6769497776676
1452.6001798322038 105.39999999999998 749.0090258784774
1452.5593248137548 105.19999999999999 749.0090258784774
1448.270891556267 105.0 744.3388389593304
1442.0621653446228 104.39999999999998 740.0022368200214
1436.9558185238604 104.39999999999998 738.1119230680775
1421.758064243546 104.39999999999998 736.8887788743949
1408.1536525195045 104.0 735.6656346807124
1402.6790965245937 104.0 735.5544397550428
1394.222269897268 103.59999999999997 734.8872701953668
1381.720263445709 104.0 736.1104143876347
1366.1943509315406 104.19999999999999 739.6686520401834
1362.108510530523 104.19999999999999 740.8917962324513
1356.5516497079882 104.0 743.0044998399783
1352.506520030219 104.0 744.783618664838
1341.392701174257 103.39999999999998 749.4538055853997
1338.981900363143 103.39999999999998 750.7881447047517
1327.1737487897772 102.59999999999997 754.7911620628081
1317.7759118476808 102.79999999999995 759.3501540562854
1303.1879654165173 103.19999999999999 769.913672088262
1288.6831561521865 102.79999999999995 775.1398336400008
1270.6248265237884 103.0 777.141342319029
1258.0004184921486 102.59999999999997 778.2532915856273
1257.0199037466577 102.59999999999997 778.2532915856273
1253.7106941751351 102.39999999999998 778.1420966599577
1244.8451239921553 102.0 778.4756814383811
1230.668107804655 102.79999999999995 780.1436053389858
1214.3266575357982 102.59999999999997 778.2532915856273
1201.662365573758 101.39999999999998 775.3622234927547
1198.5575857637582 101.19999999999999 774.5838590059943
1191.8575810831483 101.19999999999999 773.8054945206487
1188.8753107425387 101.19999999999999 773.2495198866422
1180.8275369036307 101.19999999999999 770.5808416479381
1169.9198881374655 100.79999999999995 768.0233583349034
1168.1631289814518 100.79999999999995 768.0233583349034
1162.8521764622496 100.19999999999999 767.2449938481432
1162.7296375358778 100.19999999999999 767.1337989210589
1162.40279856526 99.59999999999997 767.1337989210589
1162.40279856526 99.39999999999998 767.1337989210589
1162.3619436939164 99.39999999999998 767.1337989210589
1162.321088822703 99.19999999999999 767.1337989210589
1162.321088822703 99.19999999999999 767.1337989210589
1162.321088822703 99.19999999999999 767.1337989210589
1162.8113472784348 99.19999999999999 767.1337989210589
1163.260750862823 99.0 767.1337989210589
1163.3015800367104 99.0 767.2449938481432
1163.3015800367104 98.79999999999995 767.2449938481432
1163.3015800367104 98.79999999999995 767.2449938481432
1163.3015800367104 98.79999999999995 767.2449938481432
1156.9680783779893 100.0 771.5815959874521
1146.2216868633946 100.39999999999998 778.4756814383811
1144.9959170198647 100.39999999999998 779.0316560723876
1141.155038819133 100.59999999999997 781.3667495326683
1139.1936833959744 100.79999999999995 782.8122835776901
1136.7012677988425 101.19999999999999 784.0354277713726
1134.004755144479 101.39999999999998 784.4802074782948
1126.6506298829404 101.59999999999997 785.7033516719773
1117.6214156808508 100.79999999999995 787.1488857169991
1114.7207313514793 100.19999999999999 787.1488857169991
1105.0380432980398 99.59999999999997 787.7048603510056
1100.7071771734893 100.19999999999999 788.9280045432733
1095.5183163784695 100.19999999999999 790.3735385897097
1089.5942189024456 100.19999999999999 791.1519030778846
1074.9682922528987 100.19999999999999 790.9295132237162
1073.905999451839 100.19999999999999 791.2630980035542
1064.550490414264 99.19999999999999 790.2623436626255
1053.8056620713867 99.39999999999998 790.4847335153793
1036.5244064391654 100.0 789.1503943960272
1026.3113227415095 100.0 786.2593263045692
1013.9332620849203 99.79999999999995 781.7003343110918
1011.2369377348618 99.59999999999997 781.2555546055842
1009.7253786520224 99.39999999999998 780.9219698243315
1002.5761722567845 99.19999999999999 779.0316560723876
1001.0645677048799 99.19999999999999 778.9204611453033
998.0004595311133 99.19999999999999 778.9204611453033
993.0569658673871 99.0 779.254045926556
989.5842227271443 99.0 779.6988256320636
976.7957520897002 98.59999999999997 784.4802074782948
975.4881421280998 98.59999999999997 785.8145465976469
971.0333689043781 98.39999999999998 794.1541660950122
967.1085663907376 98.79999999999995 808.4983116322912
964.7781102541751 99.39999999999998 817.6162956178315
962.3263111054556 99.59999999999997 820.3961687836198
951.1303248465991 100.0 830.2925172559203
945.6146730866873 100.59999999999997 831.9604411551105
941.7745102711766 101.19999999999999 831.1820766697648
940.5489212810584 101.39999999999998 830.9596868155963
935.4015827186842 101.59999999999997 829.2917629149916
927.9257460469609 102.0 826.5118897492032
926.7002781349064 102.0 825.6223303367733
918.8984281049962 102.19999999999999 818.2834651775075
910.1567205081961 102.39999999999998 811.9453543591703
906.8477858479406 102.39999999999998 810.3886253856498
905.7041793976942 102.19999999999999 808.6095065593755
904.8056594587263 102.19999999999999 807.0527775872696
890.5490552592113 100.79999999999995 797.8235986746452
888.7515107796091 100.59999999999997 797.4900138962217
878.9463425474502 100.0 797.8235986746452
863.7071105488062 99.59999999999997 800.4922769133493
850.1840687344246 99.59999999999997 801.4930312542781
848.7541579989905 99.59999999999997 801.4930312542781
841.7274284146946 99.59999999999997 799.9363022821722
840.5427005710147 99.59999999999997 799.6027175009195
838.1732999585755 99.79999999999995 798.6019631614054
830.6974741071815 100.0 795.154920435941
827.0207205793772 100.0 794.1541660950122
819.2586986504396 99.59999999999997 791.9302675632302
817.7880208540485 99.39999999999998 791.3742929306385
806.3901010489793 99.39999999999998 788.0384451308436
798.9138318335761 100.59999999999997 787.1488857169991
794.0928709376022 101.39999999999998 787.8160552766751
791.764275272558 101.39999999999998 787.0376907913295
788.7821950980264 101.19999999999999 785.0361821108867
784.0026424426012 99.39999999999998 782.145114018014
779.9993077517698 99.0 779.3652408522256
766.2319435482734 98.39999999999998 774.8062488587482
765.0881103004731 98.39999999999998 774.1390792990721
754.8747401923669 97.79999999999995 771.9151807672902
751.6883455400674 97.79999999999995 770.0248670139316
748.5835424667189 97.59999999999997 768.9129177473333
745.846464766208 97.39999999999998 767.5785786279812
739.7592855748894 97.19999999999999 766.2442395086291
728.157159559034 97.19999999999999 761.6852475151517
722.1112541676008 97.59999999999997 757.3486453772573
721.2129232002911 98.79999999999995 754.0127975774624
719.9875919568937 100.0 751.7888990456805
719.5791055805003 100.0 751.3441193373436
719.1297641286703 100.59999999999997 750.8993396304213
719.0889091256936 100.59999999999997 750.8993396304213
713.7784209552364 100.79999999999995 746.2291527126889
710.5511709432452 101.0 744.1164491051619
704.8322724308122 101.79999999999995 738.3343129208313
703.2391718858629 102.0 736.5551940931423
697.8058263550233 102.19999999999999 733.7753209287686
690.7780705135875 102.19999999999999 738.6678977006693
684.362700744569 102.39999999999998 746.8963222723651
680.8482201684039 101.39999999999998 753.9016026503782
679.9492003552524 101.0 755.4583316238987
679.1727609612667 100.79999999999995 756.9038656703351
672.0222680949644 100.0 763.4643663414261
669.2440017676781 99.79999999999995 764.4651206823547
663.0340580360013 98.79999999999995 764.4651206823547
657.8457046065043 97.79999999999995 762.7971967817499
656.9061578457282 97.59999999999997 761.9076373693201
648.4501647558411 97.59999999999997 754.3463823573004
647.0612671257452 97.59999999999997 753.0120432379483
636.4401236189257 97.39999999999998 743.8940592524082
627.2892968908653 96.79999999999995 738.2231179937471
624.347825804479 96.59999999999997 737.4447535084014
621.3655673195566 96.39999999999998 736.1104143876347
615.1560370363482 95.79999999999995 732.4409818094164
613.6036632167009 95.79999999999995 731.4402274684877
608.8646662860062 95.59999999999997 729.7723035678829
606.3726345857884 95.59999999999997 728.6603543026993
604.1257729752872 95.59999999999997 727.2148202548483
594.2393145252286 95.0 722.9894130440382
585.7826313744571 94.59999999999997 719.9871500240813
582.8001978347911 94.39999999999998 719.9871500240813
574.0166859502759 94.19999999999999 716.7624971513707
572.1374947251338 94.19999999999999 715.4281580320186
567.7661416355546 94.19999999999999 713.9826239855822
559.5135682430054 93.79999999999995 712.2035051578932
550.2398609757876 94.79999999999995 708.0892928727527
543.0089917091925 95.39999999999998 703.1967161008519
541.5382813977279 95.59999999999997 702.4183516140916
538.59681182018 95.79999999999995 701.3064023474933
531.5292023772562 96.19999999999999 697.7481646949446
528.465278265801 96.39999999999998 695.5242661631627
523.9305776534563 96.39999999999998 693.0779777757976
519.1915837035392 96.39999999999998 690.7428843169314
516.1685623959654 96.39999999999998 687.963011151143
514.3710788573776 96.79999999999995 686.4062821776224
508.1614653813501 98.0 682.180874963983
507.385310597607 98.0 681.1801206258837
505.95561156533955 98.0 678.7338322385186
504.5669005004376 97.39999999999998 674.9532047332161
504.32176678366557 97.79999999999995 674.9532047332161
504.2808888853942 97.59999999999997 675.1755945859699
504.2808888853942 97.19999999999999 675.1755945859699
500.07300328689274 97.39999999999998 672.7293062000194
489.9414653601641 97.79999999999995 665.9464156761748
487.408939986599 98.0 660.4978642702674
487.123240357937 98.19999999999999 657.4956012503106
487.2463565564147 97.59999999999997 651.8246599916495
487.24637808249173 97.59999999999997 651.6022701388957
487.36895627531976 97.39999999999998 651.4910752103968
487.69585661932695 97.19999999999999 650.9351005792197
487.3690101040493 96.79999999999995 650.9351005792197
487.4098551518434 96.79999999999995 651.0462955048893
486.87872957608704 97.39999999999998 651.0462955048893
486.87872957608704 98.0 651.0462955048893
486.5927496301675 98.0 650.9351005792197
480.6280236798289 99.0 648.6000071189388
479.3615563787899 99.39999999999998 647.9328375592628
476.7470565053689 99.39999999999998 645.0417694649755
473.6833272273609 99.19999999999999 640.1491926930747
470.2518261921823 99.39999999999998 635.9237854822646
466.2074592410531 99.59999999999997 631.920768121379
465.2679877873225 99.59999999999997 629.5856746610982
458.6500067097732 99.39999999999998 622.0244196490785
452.19553007717144 99.19999999999999 613.3512153718752
449.2546932975262 99.0 604.3444263134193
445.08816785324905 99.19999999999999 595.2264423292937
444.3937193012486 99.19999999999999 594.0032981370258
440.43130258131663 99.59999999999997 586.6644329777599
437.5310052861862 100.0 580.8822967920146
435.03915991996473 99.79999999999995 576.3233047985373
431.48528996714316 99.39999999999998 568.8732447136018
429.1977726496948 99.19999999999999 563.647083161863
427.97217149890736 99.39999999999998 562.5351338952646
423.6417534326668 99.79999999999995 558.0873368288715
417.7998179381844 99.39999999999998 551.4156412321109
414.8996667903253 99.39999999999998 543.2984115860849
413.34743221013946 99.79999999999995 539.4065891522835
412.2852303561554 100.19999999999999 538.5170297398536
410.3650729697114 100.79999999999995 537.1826906205015
409.50725334498054 101.39999999999998 535.0699870129745
409.22141876809036 102.39999999999998 533.0684783339464
409.0583711812692 102.79999999999995 528.398291416214
407.62877904667783 103.79999999999995 523.5057146428985
405.79051665088986 105.19999999999999 519.8362820632656
404.7693003302519 106.39999999999998 517.2787987516456
403.78892205328106 107.59999999999997 514.9437052913648
403.70723496917805 107.79999999999995 514.6101205115268
403.7073687304515 108.0 512.9421966123366
403.50330688122244 108.19999999999999 510.1623234465482
403.33997705565076 108.59999999999997 508.9391792528657
403.1357901738164 109.0 507.7160350605978
402.8092635691244 110.19999999999999 503.60182277404266
402.15593337997785 110.79999999999995 498.82044092781143
402.5648239874252 111.19999999999999 494.8174235683405
403.7499558184723 112.19999999999999 491.37038084429065
403.83172355819937 112.19999999999999 490.70321128319995
404.0769376517326 112.39999999999998 489.81365186935545
405.4666798700077 112.19999999999999 482.36359178442
403.26062360549264 113.0 479.472523692962
403.138078701733 113.39999999999998 479.1389389117093
402.89307783893514 114.0 477.359820085435
403.17921198633525 114.39999999999998 475.69189618624483
406.48881875776567 115.59999999999997 473.5791925801325
407.42858059439817 115.79999999999995 473.023217946126
409.34941425534925 115.59999999999997 466.35152234795083
408.53259286490237 116.79999999999995 462.34850498847993
410.0035750187708 117.59999999999997 460.90297094204357
410.820767525993 118.0 460.34699630945175
411.88336824750434 119.0 456.5663688027346
412.5781352887149 119.19999999999999 454.23127534386845
412.7009263041124 120.0 451.56259710374957
412.57844513885266 120.39999999999998 450.4506478371513
411.06711023342325 120.79999999999995 445.6692659923347
409.1884163168734 121.39999999999998 436.44008708112494
407.1050406886663 122.79999999999995 431.99229001473174
406.8191813245302 123.19999999999999 430.21317118845735
410.00619231288306 123.79999999999995 428.7676371434357
411.68143647364275 124.19999999999999 427.766882802507
412.45780424607165 124.59999999999997 426.8773233900771
413.887995097908 125.19999999999999 424.7646197825501
415.3182697135618 126.19999999999999 421.6511618369236
414.9914541434554 126.59999999999997 421.09518720291715
414.4195839332582 127.19999999999999 419.4272633051417
413.68432820433816 127.59999999999997 417.2033647705304
412.70400749225246 127.59999999999997 413.9787118978198
410.824968986028 127.79999999999995 408.86374527316514
410.74395201917025 128.2 400.3017359202168
409.84545051290604 128.59999999999997 395.74274392956863
409.1510020188127 128.79999999999995 394.07482002896387
404.5347295732285 128.2 385.7352005315986
405.06630365859814 128.2 380.50903897703046
405.76104217837207 128.59999999999997 378.61872522508656
409.1524931918172 129.79999999999995 375.7276571322139
411.3180696763316 130.79999999999995 374.50451293994604
411.35897316492697 131.2 373.94853830593956
411.19561357522696 131.39999999999998 373.0589788935097
410.9506194678978 132.0 371.1686651415658
410.2153460934623 133.2 369.0559615340388
409.64338695228565 133.39999999999998 368.3887919743627
407.19209836522634 133.59999999999997 365.94250358699765
404.37319125159104 134.39999999999998 362.16187608169514
403.7604794082082 135.0 360.160367402667
403.8831342202392 135.2 359.15961306173824
404.04662942248586 135.59999999999997 358.38124857639264
404.4147282962887 136.59999999999997 353.71106165724564
404.37398618308936 136.59999999999997 352.26552760939467
405.68205914126423 138.0 344.70427259878966
405.7229891337507 138.0 343.8147131863598
404.37508479588155 139.2 338.58855163320635
404.048289396641 139.59999999999997 337.69899222077646
402.4146839849478 139.79999999999995 328.58100823523625
404.4170775995556 140.39999999999998 324.46679595009573
404.7850004745522 141.59999999999997 322.0205075627307
404.70336395794305 142.2 321.01975322321664
404.00897483728227 143.0 318.462269910182
402.70168032300427 144.0 316.2383713784001
402.08893557873205 144.59999999999997 314.57044747779526
402.0482102397076 144.79999999999995 312.9025235771905
401.3947038264537 145.0 310.0114554857325
400.94536570284515 145.39999999999998 308.6771163663804
400.98641914681923 146.0 306.23082798043
402.9890252066179 147.2 299.5591323808402
403.68410402146367 148.2 293.5546063423411
405.3186406243297 149.2 291.2195128834749
405.48226363948083 150.39999999999998 288.8844194231941
404.7061797490901 151.59999999999997 285.99335133032145
405.03313047586386 152.59999999999997 284.9925969908074
405.07403399605084 152.79999999999995 284.4366223568009
406.05479740132233 154.0 282.54630860485696
406.5452287679832 154.39999999999998 280.9895796313364
406.74963066233136 155.0 279.6552405105697
406.0960777814458 156.2 277.32014705311815
406.21870815606275 156.79999999999995 276.6529774934421
406.8317616711277 157.0 274.54027388591504
406.8318245727082 157.39999999999998 273.7619093991548
406.9546528819145 158.59999999999997 270.6484514535283
407.1182593382141 159.2 268.53574784741596
407.4451846793702 159.59999999999997 267.86857828632526
409.03889049157004 160.59999999999997 265.31109497329066
409.03911635834044 161.59999999999997 262.5312218089169
408.79414314288226 162.79999999999995 260.3073232743056
409.3254907651937 163.79999999999995 258.0834247425237
409.4076518676138 164.79999999999995 252.63487333661638
410.06149625073357 165.39999999999998 251.4117291443485
410.5928272333108 166.0 249.41022046390572
411.3693040891112 166.2 247.51990671196177
414.10692705178724 167.0 246.7415422252015
416.06817279797383 168.2 246.63034729953193
419.7047435689948 169.0 245.29600817735053
421.2573803174432 169.39999999999998 245.4072031058494
422.97343473188556 170.59999999999997 245.74078788427278
425.71102284462825 171.79999999999995 245.4072031058494
426.7325287647839 171.79999999999995 245.07361832459674
429.22520931499866 172.79999999999995 241.8489654533007
430.45112596729297 173.2 240.18104155269592
431.88132016220544 173.39999999999998 238.7355075062596
434.0878969665065 174.2 236.62280390156187
434.86437501093417 174.39999999999998 234.84368507387288
436.7441486294464 175.2 231.95261698100023
438.2971569884735 176.59999999999997 227.8384046958597
437.9706215781214 177.79999999999995 223.9465822620583
437.2356470649493 178.79999999999995 218.27564100339725
437.15401531313637 179.0 217.27488666529783
438.13502641973145 180.0 212.82708959890462
439.6064880700703 180.79999999999995 206.82256355899088
440.873256646252 181.2 205.37702951396918
441.8131699276955 182.39999999999998 203.70910561336441
443.7746878957264 183.79999999999995 200.70684259340754
444.14269778922437 185.0 197.59338464778108
446.02262856039107 186.0 193.1455875813879
447.41210951130654 187.2 190.25451948851523
446.8810537615471 187.79999999999995 188.92018036916315
444.8790235502135 188.39999999999998 187.91942602964906
441.16108504376376 188.79999999999995 184.69477315835303
438.17863437459334 189.39999999999998 181.2477304314739
438.2194940009753 189.59999999999997 181.2477304314739
437.85180571721014 189.79999999999995 180.69175579746744
436.4626168242504 190.0 180.2469760905452
436.462607184044 189.59999999999997 180.35817101904405
436.46259754383806 189.59999999999997 180.46936594471364
436.6259974997602 189.59999999999997 180.9141456516359
436.70771675806884 189.79999999999995 180.9141456516359
437.3614708250578 189.59999999999997 180.9141456516359
437.9743942837506 189.79999999999995 180.58056087179784
438.3012713389043 189.59999999999997 180.58056087179784
438.46470986648126 189.59999999999997 180.58056087179784
438.5464291302048 189.59999999999997 180.58056087179784
438.79158692163503 189.59999999999997 180.58056087179784
439.52702146409945 189.79999999999995 181.02534057872012
439.52702146409945 189.79999999999995 181.02534057872012
439.52702146409945 189.79999999999995 181.02534057872012
439.52702146409945 190.0 181.02534057872012
438.9958366003409 189.79999999999995 181.13653550438968
439.0367059246874 189.79999999999995 181.02534057872012
439.28185399198145 189.79999999999995 181.13653550438968
439.28183458702773 189.59999999999997 181.35892535714348
439.3634664995775 189.39999999999998 182.3596796980722
439.48595798900044 189.2 183.36043403617163
440.1396922955899 189.79999999999995 183.58282389175474
442.42767396563556 188.79999999999995 185.36194271802907
443.36732709404765 188.39999999999998 186.69628183738118
444.22529001640277 188.0 187.6970361754806
446.96242736483623 187.39999999999998 192.8120028029645
445.98143411389896 186.0 196.92621508810504
442.9984558393179 185.0 199.59489332680926
439.5659781681066 183.79999999999995 202.81954620093455
439.0346986321204 183.59999999999997 204.04269039320243
438.9120233641176 183.0 205.15463965980075
438.4624824473103 182.39999999999998 206.1553939993148
437.1136387118213 181.2 211.7151403323063
435.9692005479645 180.2 216.05174247161528
435.7239289963265 179.79999999999995 217.3860815909674
436.6223521348624 179.0 222.9458279239589
436.8670157516433 177.79999999999995 228.61676918261998
436.5808853423554 177.39999999999998 229.95110830197208
434.74186465273317 176.39999999999998 234.0653205871126
433.0255583633254 175.39999999999998 236.62280390156187
429.1027266889269 174.39999999999998 240.73701618528776
428.32633673493365 174.39999999999998 241.51538067204802
425.343516366749 173.0 242.73852486573054
422.76933531258646 172.0 243.4056944254066
421.33925673628323 171.39999999999998 243.51688935249084
419.70487335194963 170.79999999999995 243.73927920524463
416.88551124947156 169.59999999999997 244.74003354617335
414.31125913077415 168.59999999999997 246.29676251827925
411.9822450160269 167.79999999999995 246.85273715228573
410.67471772431566 167.2 247.29751685920797
409.6531680785249 166.79999999999995 248.18707627163784
408.67232441807585 166.2 250.96694943601162
407.97752214101286 165.79999999999995 253.41323782337665
407.2009035624492 165.2 257.08267040300956
406.9145938900874 164.0 260.7521029826425
406.50568084409645 163.0 264.7551203406988
405.64744580604946 161.59999999999997 267.2014087266492
404.54399560005726 160.39999999999998 270.4260616007745
404.50284185887926 159.2 274.0954941789928
403.93060351326295 158.2 276.7641724191117
403.68527207678875 157.39999999999998 278.98807095089364
403.6443151725169 157.0 280.21121514457616
403.0720957824427 155.79999999999995 282.6575035305265
401.88690642733525 154.39999999999998 286.2157411844899
402.2953342290029 153.59999999999997 288.217249863518
402.90813550970927 153.0 289.21800420444674
403.6433255464204 151.59999999999997 292.553852002827
402.2539157240028 150.59999999999997 295.2225302415312
401.6817874370423 150.0 296.5568693608833
401.5182373823342 149.2 298.00240340873427
401.96729219381007 148.0 302.89498017922045
401.72182979896525 147.39999999999998 306.78680261302185
401.35392503017016 146.79999999999995 309.0107011462184
399.02465932429396 145.79999999999995 313.12491343135895
396.4911923873432 144.59999999999997 316.12717645131585
395.67394309545904 144.0 317.1279307908299
394.97926095092896 143.39999999999998 318.2398800574282
392.93604012964477 142.2 322.0205075627307
391.66919354653083 141.0 325.0227705826876
391.4645294437697 140.0 329.80415242750416
392.56747268785614 139.2 332.80641544746106
393.221102805316 138.79999999999995 334.14075456681314
396.0804811586532 137.39999999999998 343.1475436266838
401.5952001854922 137.0 357.60288408963237
402.86153728255397 136.39999999999998 360.9387318880126
404.6997525895832 135.39999999999998 365.94250358699765
406.2929413595914 134.39999999999998 369.3895463138768
407.43676115677937 133.39999999999998 371.9470296269114
408.2947176810559 133.2 372.72539411367165
409.2343267976406 133.0 374.2821230857776
408.2127580866763 132.59999999999997 375.7276571322139
407.1504038713433 132.0 376.28363176622037
404.73961838350283 131.0 378.28514044524854
402.2060297956569 129.59999999999997 383.177717218564
402.00146459399446 128.79999999999995 386.6247599440284
407.06706034343136 129.2 396.40991348924473
409.02776878770374 129.2 402.19204967357535
408.78183623944494 128.79999999999995 411.86600829312204
409.02685628187913 128.59999999999997 413.4227372652279
413.07093333748645 128.0 423.6526705159518
411.47732103372215 127.0 425.6541791963946
408.00415102766414 125.79999999999995 428.99002699477484
406.7375290021709 125.59999999999997 429.43480670311175
404.36768031528493 125.39999999999998 430.7691458224638
403.6320116860241 124.79999999999995 433.66021391392184
403.71348607197314 124.39999999999998 436.66247693387874
404.0401233844876 123.59999999999997 439.4423501010818
405.7148161484487 122.59999999999997 445.22448628541247
407.06252867944187 121.79999999999995 452.4521565161794
407.22583245059855 121.39999999999998 454.0088854911146
407.91969664832516 120.39999999999998 462.7932846954022
406.97978901413313 119.39999999999998 465.128378155683
407.30653063509595 118.79999999999995 466.5739122007046
407.8781726069721 117.19999999999999 471.02170926709783
407.7146174264397 117.0 472.5784382406184
407.5510713493494 116.79999999999995 474.02397228705473
408.2453289883883 116.59999999999997 477.91579471944146
407.2647287524665 116.19999999999999 478.2493794992795
405.7529848741149 115.79999999999995 478.5829642791175
402.9745964597656 115.19999999999999 479.80610847138536
403.21943685597853 114.79999999999995 483.5867359781025
404.0363036453695 114.0 487.03377870498167
403.6684912618477 113.59999999999997 488.2569228972495
402.4833231924854 113.39999999999998 492.14874532963626
399.90849534619844 112.79999999999995 502.60106843452854
399.99010335943314 112.39999999999998 503.9354075538807
402.1139660536607 111.39999999999998 512.7198067595829
402.3181263202719 111.0 514.2765357316888
402.3997335051203 110.19999999999999 515.6108748510409
403.21656893558526 109.19999999999999 519.3915023563434
404.11509006222366 108.0 523.5057146428985
405.7899429902522 106.79999999999995 526.952757368363
407.5057584331184 105.79999999999995 529.06546097589
411.3867912851314 104.59999999999997 533.5132580408685
412.12217668550824 104.59999999999997 533.9580377477909
413.3477243832782 104.79999999999995 535.8483515011494
419.10813709727023 105.0 540.5185384202964
420.2111847447919 104.59999999999997 541.5192927598105
423.642969951854 103.59999999999997 543.6319963659229
425.64479709907795 102.59999999999997 545.4111151921973
427.3197978968421 101.39999999999998 546.8566492386335
429.5258677342386 100.39999999999998 549.0805477718301
429.44413548002007 100.0 549.3029376245839
429.4032693556185 99.79999999999995 549.4141325502535
428.9946650675205 99.59999999999997 549.8589122585904
429.03550274851574 99.79999999999995 550.0813021113443
428.5860703187909 99.79999999999995 550.1924970384284
428.5860703187909 99.79999999999995 550.1924970384284
429.1171875781887 99.59999999999997 550.4148868911823
429.1988818774789 100.59999999999997 550.637276743936
428.83121958367076 101.19999999999999 550.0813021113443
424.0918876309595 101.19999999999999 549.6365224058366
415.83884704326545 100.79999999999995 549.6365224058366
410.5272485169348 100.59999999999997 552.5275904972946
406.604834028338 100.0 554.7514890304913
405.90991326574584 98.79999999999995 559.1992860968844
405.8280208605588 98.19999999999999 561.423184630081
405.25586815682544 97.79999999999995 563.4246933091092
404.84723136850164 97.19999999999999 564.314252721539
403.5804742890701 96.39999999999998 566.8717360345736
400.92460717092484 95.19999999999999 569.318024420524
399.82148229646646 95.19999999999999 569.318024420524
394.67353134337446 94.19999999999999 569.7628041274463
393.8564192787839 94.0 569.5404142732779
389.7300616501228 93.79999999999995 567.6501005199193
383.80593836966653 93.39999999999998 566.7605411074894
380.6191820028836 93.0 566.0933715478134
378.24953824927206 92.59999999999997 565.6485918408911
375.4712626240589 92.19999999999999 566.0933715478134
372.32509806028816 91.39999999999998 568.9844396421007
370.8947853739222 90.39999999999998 573.5434316341634
371.0172973333665 90.39999999999998 574.321796119509
370.89466248280564 90.19999999999999 575.2113555333535
372.1609651602547 89.79999999999995 578.5472033331484
372.9778707520247 89.39999999999998 581.5494663516907
373.5497280154545 89.39999999999998 583.3285851765504
375.51021134084016 88.79999999999995 591.668204676745
377.83848602594134 88.59999999999997 598.7846799818424
379.30912625160437 88.0 601.2309683677928
381.71930582682916 87.79999999999995 605.6787654327713
381.5148395156278 86.79999999999995 608.1250538201364
379.4718721590889 86.59999999999997 610.2377574248341
378.08272983222537 86.39999999999998 610.6825371317564
374.6916701200694 85.59999999999997 610.6825371317564
369.95238226725866 84.79999999999995 610.348952353333
369.33954011004226 84.59999999999997 610.348952353333
367.6236551546431 84.19999999999999 609.3481980124043
364.0284504831372 83.39999999999998 607.4578842604603
363.0071425240447 83.19999999999999 606.1235451396935
358.14536017387235 82.39999999999998 604.6780110946719
356.87885770474713 82.0 604.1220364606654
353.48790288919196 81.19999999999999 602.5653074871449
347.15552054696946 80.19999999999999 597.7839256423283
345.1945427500541 80.0 596.0048068160539
341.2725980743187 79.0 592.2241793093368
336.0024185822089 78.0 587.998772097112
329.3430849191612 76.79999999999995 584.2181445918095
326.36057814744663 76.19999999999999 584.1069496647253
325.95200017933024 76.0 584.3293395174791
325.7885747593391 75.79999999999995 584.3293395174791
325.2165857893053 75.59999999999997 584.3293395174791
317.9849758345278 74.59999999999997 584.8853141514855
316.7593063107621 74.19999999999999 584.5517293702329
313.61342253444917 73.39999999999998 583.662169957803
310.22247481865475 72.39999999999998 581.5494663516907
309.48713522218736 72.0 580.3263221594228
307.2402850172091 71.19999999999999 576.2121098728676
306.6274996621459 70.59999999999997 575.2113555333535
304.6666939117872 70.0 570.2075838343685
303.8087885802342 69.79999999999995 568.8732447136018
299.682601801487 68.39999999999998 563.5358882347788
297.885177956004 67.39999999999998 559.0880911698002
296.29209936161135 66.19999999999999 553.5283448368086
293.96356507864056 65.0 548.5245731378236
289.0202876266111 63.39999999999998 541.964072465318
283.1780674266133 61.799999999999955 536.8491058406635
271.0032137479781 60.39999999999998 528.398291416214
268.5927688125059 59.599999999999966 526.3967827371858
266.182321960286 59.0 524.3952740553284
261.72911702655233 57.799999999999955 520.7258414756955
257.43932751767744 57.39999999999998 517.1676038245614
252.74094590615795 56.599999999999966 513.9429509518507
245.99967261607554 55.19999999999999 511.4966625659003
244.56970111066082 54.599999999999966 511.05188285897805
244.07942310541057 54.0 510.9406879333085
244.24282932782248 54.0 511.38546764023073
244.56967409939588 53.799999999999955 511.6078574929845
239.46252421005545 53.599999999999966 512.2750270526606
236.88852130439997 53.599999999999966 512.6086118324986
222.46597828210767 53.19999999999999 513.6093661720126
210.98513463526956 53.599999999999966 514.721315438611
200.2808649257035 54.19999999999999 508.6055944730277
194.3568232834912 54.39999999999998 502.93465321436656
187.7791009332386 55.0 496.040567762023
186.63515652224098 55.19999999999999 494.5950337155867
184.59238798257752 55.599999999999966 492.2599402567205
182.6721768065671 55.799999999999955 490.2584315762777
177.7694403876593 56.19999999999999 486.9225837764828
163.7147992848737 56.39999999999998 480.2508881783076
153.78661864525307 56.19999999999999 476.35906574592093
151.9889575405707 56.0 474.468751993977
145.32950240690204 56.0 464.9059883015145
139.4872593597816 56.599999999999966 452.11857173775604
138.17990712344425 56.799999999999955 449.0051137921296
135.1157264581343 57.0 444.22373194589835
132.05160122462425 57.19999999999999 437.107256640801
129.02832493520665 57.39999999999998 429.99078133570356
126.29102980716715 56.39999999999998 423.430280663198
124.90195210337257 56.0 420.09443286481775
123.1043416339386 55.0 414.8682713102496
122.20550665661504 54.599999999999966 413.4227372652279
115.54599585293798 53.799999999999955 400.3017359202168
113.7483635768448 53.599999999999966 395.2979642212318
112.23668117455925 53.39999999999998 392.62928598252756
111.29703034989481 52.799999999999955 388.9598534028946
109.90797689545147 52.39999999999998 383.6224969240716
108.43726192498679 51.799999999999955 375.6164622065443
107.33415861496749 51.599999999999966 372.6141991865874
106.92560386144508 51.39999999999998 371.3910549943196
103.37117437900379 50.19999999999999 360.4939521810904
100.59294757402799 49.19999999999999 354.04464643708366
93.76981263799554 48.19999999999999 343.9259081120294
85.5166180152618 47.19999999999999 333.1400002287137
82.53402090322571 47.19999999999999 329.1369828678281
79.14290788095519 46.599999999999966 320.4637785906248
77.4269775786338 46.0 312.23535401751445
76.89593684557907 45.599999999999966 304.3405142270714
76.65087481219352 45.0 298.4471831142419
75.79292633602577 43.799999999999955 292.8874367812504
75.9563779947524 43.599999999999966 291.77548751606673
70.35883929411112 43.19999999999999 284.1030375769629
62.718214771139635 42.599999999999966 286.54932596291326
61.696733210677586 42.19999999999999 287.550080303842
57.69250555452111 41.599999999999966 293.5546063423411
55.200050785999004 40.599999999999966 300.22630194051624
53.60649789080399 39.39999999999998 306.3420229060996
51.97204553560553 38.599999999999966 316.7943460109919
51.72685324624716 38.39999999999998 320.79736337046285
47.55924485182784 37.39999999999998 325.2451604354414
46.701223427691176 37.19999999999999 324.57799087576535
45.27119221508363 36.599999999999966 322.91006697516053
43.10572532017756 36.0 319.1294394698581
39.95967497210045 34.799999999999955 312.23535401751445
36.93618778577764 34.19999999999999 305.89724319917735
35.873885194703725 33.599999999999966 302.89498017922045
31.869790646680492 32.599999999999966 294.6665556089394
30.35803663082012 32.19999999999999 291.6642925889825
27.661389756259304 31.399999999999977 286.32693611015947
24.515310212016928 30.19999999999999 276.8753673461959
24.71961865960761 30.0 273.98429925190857
24.801402143545168 29.19999999999999 260.64090805555827
25.70031564435445 29.19999999999999 257.5274501099318
29.622843819722622 28.0 246.7415422252015
30.562630004931492 27.399999999999977 242.29374516022295
31.134692223548324 27.0 236.73399882723146
31.13476030434014 26.599999999999966 225.72570108833267
29.132704555034927 26.0 217.3860815909674
27.294067718947996 25.399999999999977 211.27036062538406
26.517785716236943 24.799999999999955 202.4859614196819
26.517838429655757 24.19999999999999 192.47841802171183
26.517868886290266 23.799999999999955 186.69628183738118
26.517875914743612 23.599999999999966 185.36194271802907
27.00823875439009 22.399999999999977 176.46634858524268
27.416849335160414 22.0 173.90886527220806
27.376012626146924 21.19999999999999 169.68345806139794
27.907230288427282 20.0 162.23339797504786
27.702938115016916 20.0 161.01025378278
27.866391434100997 19.799999999999955 158.45277046974536
28.438511706805752 19.19999999999999 143.77504015121366
28.43851987236316 19.0 142.32950610619199
28.765440072845493 18.0 135.2130308010946
29.5826805849996 17.599999999999966 128.31894534733635
34.159113242966114 17.0 112.64046069070521
35.42579926896984 17.0 109.74939259924722
36.52904260146093 16.799999999999955 107.3031042132968
38.898985576414766 15.799999999999955 100.85379846787545
40.533431649798636 15.199999999999989 96.51719632856648
40.94204835560434 14.799999999999955 94.84927242796171
42.33137429411577 13.599999999999966 85.95367829658996
41.8002417191819 13.199999999999989 79.61556747825283
38.81751279150748 12.599999999999966 68.71846466643828
36.325040724460194 12.0 65.82739657498027
33.09708327509929 11.399999999999977 61.7131842884251
32.15729736519721 11.0 60.49004009474257
28.23470283224692 10.199999999999989 56.264632882517816
27.213192821254726 10.0 55.15268361733416
12.135648663388256 9.399999999999977 40.36375837313288
0.6537740658514632 9.399999999999977 26.90917224828371
-0.44946976942249145 9.199999999999989 25.797222983100056
-6.415169921667414 9.0 17.56879841140435
-6.456032730282912 8.799999999999955 16.123264363553382
-6.5377550968261495 8.799999999999955 15.789679585130001
-8.948552486340748 8.599999999999966 15.678484658045777
-8.948552486340748 8.599999999999966 15.678484658045777
-8.907691909527232 8.199999999999989 15.45609480387733
-8.907692106265124 8.0 15.344899878207752
-9.071136999860816 8.0 14.788925244201279
-9.071136999860816 8.0 14.788925244201279
-9.071136999860816 7.7999999999999545 14.788925244201279
-9.030276022481727 7.7999999999999545 14.788925244201279
-9.030276022481727 7.7999999999999545 14.788925244201279
-8.989415044972679 7.7999999999999545 14.788925244201279
-9.111996971118717 7.7999999999999545 15.344899878207752
-9.111996971118717 7.599999999999966 15.344899878207752
